AM not oriented
0 0 1 0 0 0 0 0 0 0
0 0 0 1 0 1 0 0 0 0
1 0 0 0 0 0 1 1 0 0
0 1 0 0 0 0 0 0 0 0
0 0 0 0 0 0 0 0 1 1 
0 1 0 0 0 0 0 0 0 0
0 0 1 0 0 0 0 1 0 0
0 0 1 0 0 0 1 0 0 0
0 0 0 0 1 0 0 0 0 0
0 0 0 0 1 0 0 0 0 2

IM not oriented
1 1 0 1 0 0 0
0 1 1 0 0 0 1
0 0 1 1 1 0 0
0 0 0 0 1 1 0
0 0 0 0 0 0 1
1 0 0 0 0 1 0

IM oriented
 1  1  1  0 -1  0  0 -1
-1  0  0  1  0  0  0  0
 0  0  0  0  1 -1  0  0
 0 -1  0  0  0  1  1  0
 0  0  0  0  0  0  0  1
 0  0 -1  0  0  0 -1  0
 0  0  0 -1  0  0  0  0
 
Списки вершин, ребер и дуг для заданий:
vi: {11, 12, 3, 8, 9, 10, 3}; 
ei: {(4,11), (6,12), (6,12), (12, 1), (11,1), (2,4), (10,10)}; 
fi: {(2,1), (5,1), (6,7), (4,6)}.

Получить граф: (!G2  размножение {6}) + G4


AL not oriented
{1 2 3}{2 1 4 4}{3 1 4}{4 2 2 3}